-0.0321399
0.0191651
-0.0129742
0.038326
0.00617963
-0.0259664
0.0253308
-0.00682199
-0.0389764
0.0123172
-0.0198335
0.0314567
-0.000696344
-0.032856
0.01843
-0.0137258
0.0375641
0.00541193
-0.0267363
0.0245607
-0.0075878
-0.0397361
0.0115588
-0.0205984
0.0306877
-0.00147291
-0.0336366
0.0176456
-0.0145174
0.0367663
0.00460591
-0.027556
0.0237248
-0.00843724
-0.0405969
0.0106878
-0.0214713
0.0298208
-0.00233432
-0.0344899
0.0167997
-0.0153528
0.0359422
0.0037943
-0.0283528
0.0229403
-0.00920945
-0.0413591
0.00993397
-0.022217
0.0290782
-0.00307345
-0.0352273
0.0160626
-0.0160943
0.0351945
0.00303918
-0.0291186
0.0221703
-0.00998246
0.0413082
0.00914763
-0.0230159
0.0282662
-0.00389848
-0.0360652
0.015214
-0.0169505
0.0343306
0.00216331
-0.0300055
0.0212734
-0.0108906
0.0403949
0.00823936
-0.0239165
0.0273717
-0.00478624
-0.0369462
0.0143378
-0.017821
0.0334725
0.00132086
-0.0308335
0.0204569
-0.0117021
0.0395836
0.0074227
-0.0247361
